 1.50588831e+01
 1.57892553e+01
 1.58227327e+01
 1.56155404e+01
 1.54938560e+01
 1.61325435e+01
 1.55792122e+01
 1.54232508e+01
 1.65109906e+01
 1.55068411e+01
 1.63065912e+01
 1.53651178e+01
 1.46090534e+01
 1.52650944e+01
 1.53980901e+01
 1.55014322e+01
 1.55507211e+01
 1.58334624e+01
 1.55551116e+01
 1.56144973e+01
 1.50666153e+01
 1.52129371e+01
 1.58949731e+01
 1.55016286e+01
 1.57572608e+01
 1.46855425e+01
 1.57392045e+01
 1.46637974e+01
 1.58825187e+01
 1.45954023e+01
 1.55731834e+01
 1.58928652e+01
 1.52422758e+01
 1.57642462e+01
 1.54577091e+01
 1.48461232e+01
 1.57990175e+01
 1.56164790e+01
 1.59878309e+01
 1.49912624e+01
 1.47189006e+01
 1.60149738e+01
 1.54919430e+01
 1.51771097e+01
 1.57672303e+01
 1.49065134e+01
 1.56307881e+01
 1.51659434e+01
 1.58694291e+01
 1.54599834e+01
 1.52409102e+01
 1.49268425e+01
 1.55472760e+01
 1.49529209e+01
 1.57802060e+01
 1.58811927e+01
 1.58605424e+01
 1.50266574e+01
 1.53776938e+01
 1.59316829e+01
 1.60811604e+01
 1.60823705e+01
 1.58090967e+01
 1.54074201e+01
 1.57948627e+01
 1.66230804e+01
 1.53580136e+01
 1.53619529e+01
 1.54051273e+01
 1.61639319e+01
 1.58315111e+01
 1.51842336e+01
 1.49717547e+01
 1.57950887e+01
 1.51147356e+01
 1.51454995e+01
 1.55157481e+01
 1.49390575e+01
 1.57717503e+01
 1.55115288e+01
 1.56782949e+01
 1.55141756e+01
 1.52315566e+01
 1.47361080e+01
 1.55323285e+01
 1.57622708e+01
 1.55952320e+01
 1.51339398e+01
 1.56752929e+01
 1.57319388e+01
 1.56284871e+01
 1.58555274e+01
 1.55241045e+01
 1.51203830e+01
 1.43902473e+01
 1.52684407e+01
 1.54879722e+01
 1.58534694e+01
 1.56765440e+01
 1.51388279e+01
 1.48440740e+01
 1.54665612e+01
 1.56806657e+01
 1.48748227e+01
 1.64577453e+01
 1.60840513e+01
 1.51752266e+01
 1.49814258e+01
 1.54762126e+01
 1.51792595e+01
 1.51974195e+01
 1.55988733e+01
 1.54299344e+01
 1.48321839e+01
 1.57225974e+01
 1.54091913e+01
 1.56488913e+01
 1.55723745e+01
 1.63797474e+01
 1.61422147e+01
 1.51892018e+01
 1.56075203e+01
 1.54426187e+01
 1.50255944e+01
 1.51225951e+01
 1.68838298e+01
 1.58837410e+01
 1.56571037e+01
 1.55866661e+01
 1.48979071e+01
 1.49347031e+01
 1.53192287e+01
 1.65005924e+01
 1.58840157e+01
 1.53073159e+01
 1.54750293e+01
 1.57198960e+01
 1.53478863e+01
 1.56450542e+01
 1.54171253e+01
 1.54215554e+01
 1.65316204e+01
 1.52613308e+01
 1.57773667e+01
 1.51269509e+01
 1.54118444e+01
 1.64167601e+01
 1.64978352e+01
 1.50241803e+01
-5.70186055e+00
-4.83071316e+00
-4.87915663e+00
-5.28197835e+00
-4.97136896e+00
-4.58333660e+00
-4.99254281e+00
-5.27637329e+00
-5.08656967e+00
-5.45052338e+00
-5.27122099e+00
-5.11832509e+00
-4.92066905e+00
-4.86025038e+00
-5.27028602e+00
-4.73812692e+00
-4.47102754e+00
-4.94053742e+00
-5.07464997e+00
-4.43522181e+00
-5.70728027e+00
-5.37052890e+00
-4.86052616e+00
-4.62436397e+00
-4.42712498e+00
-4.83192551e+00
-5.11823720e+00
-5.58991677e+00
-5.23962301e+00
-5.06299605e+00
-5.12547123e+00
-4.98418929e+00
-4.02879486e+00
-4.68100929e+00
-4.65590029e+00
-5.02431672e+00
-4.72812897e+00
-4.44295794e+00
-5.72329907e+00
-4.62305036e+00
-4.36884074e+00
-5.07223290e+00
-4.73982256e+00
-4.95170085e+00
-3.98555710e+00
-5.31202085e+00
-5.63726383e+00
-5.48235979e+00
-5.02814731e+00
-5.23890884e+00
-5.26870007e+00
-5.03786543e+00
-5.09524431e+00
-5.41976572e+00
-4.55927938e+00
-4.93457836e+00
-4.62730793e+00
-4.81357557e+00
-5.22185718e+00
-5.15107002e+00
-5.03541048e+00
-5.56308148e+00
-4.25064310e+00
 1.80637655e+01
 1.71362807e+01
 1.70624560e+01
 1.76696819e+01
 1.59798235e+01
 1.53718343e+01
 1.77178650e+01
 1.73729125e+01
 1.79887100e+01
 1.74121857e+01
 1.72744340e+01
 1.69463888e+01
 1.71777731e+01
 1.47613847e+01
 1.85257774e+01
 1.81962498e+01
 1.67653369e+01
 1.83027232e+01
 1.74430753e+01
 1.73894073e+01
 1.66233760e+01
 1.61031287e+01
 1.56202079e+01
 1.75372472e+01
 1.56355989e+01
 1.63234725e+01
 1.65740410e+01
 1.73977988e+01
 1.75682754e+01
 1.71846973e+01
 1.69652614e+01
 1.94311786e+01
 1.77827834e+01
 1.91070386e+01
 1.71850973e+01
 1.63337181e+01
 1.69526279e+01
 1.79489153e+01
 1.74061167e+01
 1.74014988e+01
 1.59964558e+01
 1.65087205e+01
 1.63501261e+01
 1.71313115e+01
 1.56076450e+01
 1.53368117e+01
 1.67286013e+01
 1.80548919e+01
 1.78966524e+01
 1.63975740e+01
 1.54767430e+01
 1.68257686e+01
 1.72968820e+01
 1.67031250e+01
 1.81349968e+01
 1.61877293e+01
 1.74996665e+01
 1.73464207e+01
 1.77268158e+01
 1.65116131e+01
 1.65435956e+01
 1.61751373e+01
 1.52272039e+01
 1.63505987e+01
 1.60445571e+01
 1.73053535e+01
 1.75223358e+01
 1.63630581e+01
 1.73605072e+01
 1.78575836e+01
 1.72682257e+01
 1.73397954e+01
 1.56120710e+01
 1.69791116e+01
 1.71496423e+01
 1.78013945e+01
 1.59852469e+01
 1.57876014e+01
 1.69675520e+01
 1.70695214e+01
 1.65425228e+01
 1.59249428e+01
 1.77627073e+01
 1.59651289e+01
 1.63003282e+01
 1.61593844e+01
 1.71177260e+01
 1.76521931e+01
-2.83406363e-01
-3.17293364e-01
 4.38776735e-02
-3.49079303e-01
 2.41432483e-01
-3.11387984e-01
-3.37068275e-02
 2.70081565e-01
-9.43286712e-01
-6.52838935e-01
 4.47138358e-01
 2.40116615e-01
-9.90904449e-01
-1.63705306e-01
 2.26694720e-01
-9.95826691e-01
 2.12326035e-01
-9.00332924e-01
-4.48454356e-01
-2.72197868e-01
 2.01968143e-01
 8.41591190e-02
-3.93358652e-01
-5.72169300e-01
 2.01390292e-01
-6.37610826e-02
-7.11187453e-01
-3.69136520e-01
-1.52757847e-01
-2.84062932e-01
-1.54263660e-01
-3.59637261e-01
 1.23385882e-01
-1.03873014e-01
-7.13561908e-01
 6.88095816e-01
-1.03162748e+00
-6.94511976e-01
-1.21325962e+00
 5.03781665e-02
 7.95914938e-01
-1.31068195e-01
-5.02302538e-01
-4.70531412e-01
 2.93160669e-01
-8.17654767e-01
 7.88978034e-02
 3.95101322e-01
-7.04789468e-03
-4.01914672e-01
-5.36764062e-01
-2.95457643e-01
-8.32622982e-01
-1.70105594e-02
-1.46918077e+00
 6.03937040e-02
-5.92166327e-01
-7.36015747e-01
-4.63400235e-02
-5.86544060e-01
-8.31738505e-01
 1.38491218e-01
-6.33624146e-01
 9.45018904e-02
-4.46695445e-01
 1.68219940e-01
 1.13664628e-01
-7.26968635e-01
-9.15536908e-02
-7.40710847e-01
-2.43272071e-01
-3.27906462e-02
 1.06393731e-02
 8.34284137e-02
-3.55987031e-01
-9.24468919e-01
 2.75819229e-02
-3.62176164e-01
 2.86893881e-01
 1.52571913e-02
-1.79643320e-01
 4.97512621e-01
 1.85358614e-01
-3.51221916e-01
-6.11812392e-01
-1.04622097e+00
-4.40126200e-01
 6.81178698e-02
-4.13854642e-01
-3.15879361e-01
-7.07631951e-01
-2.09039204e-01
-8.63466458e-01
-5.98064255e-01
-4.20253630e-01
 1.02493166e-02
-3.28292450e-01
-2.79111231e-01
-5.67651912e-01
 2.06496744e-01
 2.09811609e-01
-7.36504321e-01
 1.77789282e-01
-2.03159561e-01
 2.11713192e-03
-4.92680757e-01
 5.84333490e-01
-1.80486843e-01
 2.09594989e-01
-4.14894641e-01
-6.89862553e-01
-5.77375919e-01
-9.99679569e-02
-1.04157186e+00
-9.21317442e-01
-2.17633076e-01
-5.79345213e-01
-4.73900337e-01
-1.03535707e-01
 2.53209782e-01
-1.98934545e-01
-7.21704905e-01
-1.44806673e+00
-7.36780137e-01
-2.21793832e-01
-8.15589581e-01
 2.32836100e-01
-7.10708985e-01
 9.12821885e-01
 4.52199894e-01
-1.02834379e-02
-6.77636409e-01
-5.50022703e+00
-5.53532105e+00
-5.49651067e+00
-5.52731834e+00
-5.54496606e+00
-5.53351557e+00
-5.47517176e+00
-5.49914340e+00
-5.51812155e+00
-5.55810233e+00
-5.52254896e+00
-5.49343673e+00
-5.51625430e+00
-5.53829721e+00
-5.52910263e+00
-5.53982420e+00
-5.57018250e+00
-5.48875191e+00
-5.48990000e+00
-5.50753711e+00
-5.49283677e+00
-5.52617821e+00
-5.50468936e+00
-5.52899232e+00
-5.53651200e+00
-5.57739150e+00
-5.49874273e+00
-5.52955921e+00
-5.51846447e+00
-5.54026971e+00
-5.54896209e+00
-5.51166282e+00
-5.48558331e+00
-5.55767727e+00
-5.46511545e+00
-5.45855262e+00
-5.48618631e+00
-5.52730084e+00
-5.51366391e+00
-5.53408688e+00
-5.55657813e+00
-5.47488786e+00
-5.50419514e+00
-5.51998804e+00
-5.57307590e+00
-5.53884090e+00
-5.50763351e+00
-5.51149205e+00
-5.50897331e+00
-5.49220429e+00
-5.45430220e+00
-5.53438244e+00
-5.51605228e+00
-5.50771398e+00
-5.52525050e+00
-5.50339081e+00
-5.49449035e+00
-5.56393402e+00
-5.46521019e+00
-5.48104500e+00
-5.53186332e+00
-5.50573958e+00
-5.45438017e+00
-5.53523916e+00
-5.52574328e+00
-5.50739209e+00
-5.50078040e+00
-5.52475394e+00
-5.50770488e+00
-5.53944479e+00
-5.49425295e+00
-5.49890657e+00
-5.48916606e+00
-5.56813753e+00
-5.51333946e+00
-5.54034269e+00
-5.47150433e+00
-5.50848763e+00
-5.54345706e+00
-5.49290720e+00
-5.50683917e+00
-5.50984274e+00
-5.46976943e+00
-5.53849353e+00
-5.43053409e+00
-5.47877295e+00
-5.52841057e+00
-5.52853005e+00
-5.52377152e+00
-5.48392702e+00
-5.45896404e+00
-5.49323721e+00
-5.49515218e+00
-5.43250257e+00
-5.46622936e+00
-5.48803640e+00
-5.52946640e+00
-5.49320445e+00
-5.46929153e+00
-5.49884483e+00
-5.50305035e+00
-5.51911309e+00
-5.53076088e+00
-5.54508822e+00
-5.48898055e+00
-5.50137053e+00
-5.50989636e+00
-5.50931297e+00
-5.47369520e+00
-5.52323803e+00
-5.51982075e+00
-5.53122178e+00
-5.48073679e+00
-5.52854716e+00
-5.52162179e+00
-5.53999628e+00
-5.54309790e+00
-5.54654254e+00
-5.55918552e+00
-5.48376082e+00
-5.52169706e+00
-5.49375466e+00
-5.48867674e+00
-5.50559425e+00
-5.50302411e+00
-5.55283106e+00
-5.51303817e+00
-5.54752443e+00
-5.56184334e+00
-5.53330770e+00
-5.51567202e+00
-5.55854451e+00
-5.52237554e+00
-5.52067617e+00
-5.52934685e+00
-5.50391085e+00
-5.56357073e+00
-5.53689452e+00
-5.51352230e+00
-5.53000848e+00
-5.49505312e+00
-5.53281618e+00
-5.53751646e+00
-5.50623292e+00
-5.54212684e+00
-5.48284090e+00
-5.50011000e+00
-5.50426657e+00
-5.42663459e+00
-5.51124512e+00
-5.54848881e+00
-5.48366581e+00
-5.50049302e+00
-5.50980744e+00
-5.44342452e+00
-5.48843237e+00